0 66.443
1 55.072
2 52.699
3 56.945
4 54.790
5 79.645
6 86.186
7 64.713
8 58.353
9 76.883
10 76.484
11 78.567
12 55.758
13 68.260
14 73.019
15 56.481
16 53.571
17 70.814
18 76.806
19 54.162
20 79.113
21 80.280
22 79.084
23 67.044
24 62.508
25 66.635
26 67.126
27 79.313
28 71.218
29 58.456
30 81.795
31 62.992
32 87.005
33 72.344
34 62.191
35 68.392
36 87.579
37 72.121
38 72.490
39 80.870
40 74.935
41 57.035
42 82.053
43 82.357
44 72.407
45 87.898
46 85.897
47 87.351
48 51.859
49 86.577
50 81.762
51 81.990
52 63.738
53 71.308
54 54.978
55 74.756
56 51.206
57 86.680
58 88.772
59 56.410
60 65.075
61 61.167
62 54.460
63 57.466
64 55.907
65 82.437
66 63.400
67 70.333
68 70.426
69 65.006
70 54.662
71 50.213
72 75.404
73 51.044
74 71.235
75 74.597
76 84.376
77 82.106
78 54.309
79 67.908
80 72.568
81 63.980
82 88.136
83 87.306
84 84.816
85 89.959
86 88.708
87 55.050
88 51.994
89 50.750
90 54.459
91 68.904
92 56.641
93 66.150
94 87.263
95 88.266
96 72.013
97 58.502
98 58.610
99 78.738
100 89.762
101 83.222
102 52.351
103 76.424
104 75.533
105 57.077
106 65.235
107 68.500
108 58.499
109 51.567
110 71.401
111 57.291
112 69.009
113 55.040
114 76.547
115 59.753
116 57.036
117 70.399
118 56.441
119 64.212
120 63.638
121 64.899
122 51.249
123 81.813
124 53.118
125 51.829
126 67.496
127 62.243
128 55.078
129 71.746
130 50.792
131 82.833
132 77.216
133 71.304
134 58.317
135 70.552
136 75.730
137 58.562
138 65.818
139 58.630
140 51.769
141 58.338
142 63.134
143 76.224
144 81.017
145 74.413
146 78.404
147 68.213
148 80.880
149 84.484
150 65.369
151 84.632
152 67.085
153 75.285
154 55.919
155 51.054
156 76.805
157 73.335
158 86.536
159 74.069
160 54.391
161 50.804
162 74.596
163 77.147
164 73.805
165 57.233
166 58.646
167 88.747
168 73.275
169 77.729
170 87.853
171 86.656
172 87.601
173 86.189
174 82.089
175 52.401
176 79.949
177 77.293
178 77.806
179 63.070
180 76.105
181 84.568
182 72.776
183 81.967
184 75.225
185 79.783
186 87.591
187 50.022
188 51.803
189 73.577
190 76.870
191 58.527
192 77.444
193 52.916
194 62.390
195 56.914
196 53.342
197 66.172
198 60.160
199 84.028
200 74.315
201 74.417
202 72.957
203 51.922
204 66.955
205 87.295
206 64.762
207 81.082
208 52.217
209 73.423
210 86.309
211 58.193
212 62.255
213 52.919
214 69.185
215 86.611
216 87.788
217 73.657
218 56.783
219 89.761
220 75.957
221 73.714
222 53.340
223 58.134
224 81.216
225 58.560
226 79.805
227 69.114
228 61.472
229 52.067
230 75.323
231 85.956
232 79.767
233 65.331
234 74.525
235 88.129
236 82.695
237 70.677
238 82.468
239 58.000
240 57.718
241 81.346
242 50.134
243 64.746
244 85.874
245 71.127
246 56.753
247 61.340
248 84.503
249 57.635
250 86.625
251 54.508
252 51.937
253 79.857
254 89.904
255 75.592
256 58.137
257 55.348
258 58.087
259 89.801
260 66.963
261 60.657
262 73.934
263 65.997
264 68.811
265 88.460
266 79.603
267 60.335
268 64.185
269 50.846
270 73.519
271 57.351
272 83.545
273 76.394
274 86.929
275 78.161
276 68.440
277 86.065
278 70.741
279 76.160
280 75.617
281 76.264
282 74.295
283 54.667
284 56.559
285 89.728
286 82.770
287 51.373
288 85.041
289 71.012
290 70.302
291 71.493
292 87.779
293 80.187
294 79.680
295 82.756
296 62.060
297 67.849
298 75.071
299 61.437
300 71.437
301 63.619
302 72.932
303 63.476
304 58.065
305 80.209
306 56.978
307 55.370
308 56.796
309 68.599
310 77.713
311 57.267
312 66.522
313 61.209
314 81.642
315 59.419
316 76.318
317 56.324
318 52.963
319 88.417
320 87.375
321 53.339
322 89.910
323 56.047
324 78.263
325 71.901
326 55.990
327 50.400
328 55.703
329 57.123
330 54.121
331 67.084
332 66.008
333 51.025
334 76.505
335 72.938
336 51.052
337 52.317
338 67.381
339 88.156
340 52.844
341 89.637
342 73.785
343 77.637
344 70.912
345 76.867
346 75.325
347 86.666
348 57.249
349 82.423
350 65.744
351 52.812
352 78.315
353 61.716
354 79.488
355 60.528
356 71.061
357 56.433
358 87.888
359 80.568
360 78.930
361 81.445
362 67.654
363 85.668
364 88.004
365 63.157
366 58.556
367 82.951
368 63.819
369 67.880
370 82.810
371 84.983
372 53.021
373 67.281
374 55.275
375 65.336
376 76.054
377 58.314
378 64.233
379 62.485
380 84.023
381 70.877
382 89.012
383 83.720
384 69.481
385 70.194
386 88.376
387 74.582
388 75.718
389 84.547
390 82.909
391 69.301
392 77.143
393 87.745
394 74.117
395 66.140
396 68.098
397 56.820
398 82.062
399 81.184
400 73.972
401 71.186
402 79.944
403 79.114
404 85.794
405 80.610
406 66.554
407 67.391
408 54.430
409 65.768
410 66.949
411 79.297
412 50.703
413 66.409
414 78.556
415 67.781
416 50.527
417 61.700
418 57.460
419 74.335
420 83.977
421 56.632
422 75.537
423 51.976
424 57.652
425 62.106
426 75.299
427 57.961
428 57.089
429 79.913
430 85.813
431 83.159
432 79.724
433 60.655
434 54.047
435 68.477
436 75.687
437 58.474
438 78.052
439 85.042
440 83.815
441 55.601
442 61.352
443 82.703
444 84.766
445 79.392
446 83.985
447 70.428
448 62.425
449 77.874
450 80.156
451 75.069
452 56.449
453 70.139
454 82.434
455 85.205
456 66.910
457 50.595
458 52.701
459 85.349
460 82.254
461 62.928
462 55.937
463 66.193
464 82.549
465 54.968
466 66.623
467 75.427
468 77.992
469 64.680
470 60.470
471 62.392
472 85.440
473 58.057
474 67.123
475 83.199
476 57.987
477 83.033
478 68.280
479 80.541
480 72.977
481 67.785
482 81.687
483 55.885
484 83.292
485 64.794
486 56.806
487 81.138
488 64.006
489 81.527
490 52.293
491 63.793
492 69.589
493 79.383
494 86.402
495 63.371
496 60.384
497 89.197
498 78.384
499 55.644
500 62.510
501 64.838
502 65.162
503 70.684
504 89.280
505 65.827
506 51.650
507 62.818
508 82.925
509 55.476
510 77.318
511 64.753
512 85.104
513 79.884
514 70.025
515 84.218
516 71.083
517 71.946
518 59.363
519 56.841
520 70.758
521 50.535
522 83.273
523 70.818
524 50.129
525 57.943
526 69.743
527 72.050
528 51.447
529 57.289
530 70.650
531 82.033
532 63.742
533 83.727
534 58.252
535 67.635
536 81.368
537 52.461
538 56.094
539 68.077
540 70.867
541 78.290
542 85.763
543 87.001
544 81.330
545 55.655
546 57.717
547 61.395
548 54.005
549 75.659
550 54.958
551 60.886
552 85.995
553 55.205
554 82.567
555 75.237
556 87.495
557 71.012
558 75.721
559 62.996
560 78.680
561 71.192
562 66.405
563 81.338
564 73.871
565 86.624
566 72.731
567 85.410
568 72.935
569 86.739
570 80.099
571 79.822
572 72.763
573 63.435
574 53.966
575 65.286
576 78.456
577 67.490
578 88.302
579 71.222
580 50.391
581 58.221
582 53.750
583 83.828
584 69.130
585 83.656
586 74.278
587 84.737
588 77.105
589 88.774
590 81.865
591 78.577
592 71.917
593 88.150
594 69.629
595 78.764
596 50.347
597 83.006
598 53.964
599 65.600
600 87.163
601 84.471
602 81.905
603 77.736
604 89.666
605 68.144
606 80.853
607 81.957
608 63.168
609 52.002
610 59.291
611 52.137
612 51.613
613 79.792
614 80.500
615 67.973
616 76.570
617 54.741
618 51.359
619 84.284
620 58.219
621 67.363
622 71.021
623 70.225
624 58.872
625 76.260
626 81.945
627 61.477
628 68.494
629 86.103
630 68.010
631 56.312
632 63.909
633 66.868
634 75.436
635 79.098
636 65.834
637 86.700
638 70.396
639 82.955
640 79.183
641 86.194
642 74.859
643 56.016
644 88.459
645 64.565
646 88.890
647 74.343
648 58.829
649 75.860
650 77.929
651 53.901
652 52.881
653 73.987
654 76.618
655 62.888
656 60.224
657 87.163
658 50.689
659 76.570
660 51.501
661 74.714
662 63.680
663 57.064
664 61.727
665 61.918
666 73.754
667 88.879
668 87.548
669 79.086
670 51.617
671 70.116
672 66.449
673 75.156
674 83.196
675 88.029
676 51.023
677 88.387
678 65.019
679 73.147
680 87.507
681 66.493
682 86.625
683 78.474
684 53.101
685 86.345
686 62.552
687 86.008
688 80.832
689 75.984
690 81.519
691 68.840
692 60.321
693 67.620
694 76.001
695 83.912
696 81.620
697 82.677
698 53.410
699 50.014
700 53.064
701 74.871
702 55.164
703 82.185
704 66.024
705 51.725
706 80.291
707 72.976
708 79.992
709 79.432
710 80.041
711 66.597
712 80.470
713 80.185
714 54.415
715 52.468
716 56.959
717 53.493
718 75.875
719 57.392
720 82.007
721 72.541
722 88.274
723 87.869
724 76.659
725 60.277
726 54.648
727 89.682
728 71.946
729 50.435
730 73.271
731 85.982
732 84.119
733 81.098
734 73.419
735 59.749
736 61.920
737 61.231
738 57.007
739 56.937
740 86.315
741 72.145
742 80.786
743 72.570
744 60.558
745 64.189
746 85.236
747 65.457
748 76.163
749 51.395
750 50.296
751 62.754
752 79.120
753 64.728
754 65.574
755 84.104
756 78.746
757 69.010
758 75.118
759 83.588
760 89.647
761 78.085
762 71.470
763 54.338
764 72.470
765 63.183
766 51.898
767 72.404
768 78.043
769 83.879
770 50.328
771 78.788
772 52.721
773 67.954
774 78.376
775 79.719
776 57.344
777 74.292
778 89.822
779 65.033
780 71.232
781 57.514
782 55.103
783 88.904
784 65.361
785 55.475
786 63.088
787 57.485
788 53.283
789 63.868
790 51.323
791 83.867
792 52.680
793 52.963
794 55.466
795 80.830
796 51.941
797 66.911
798 68.842
799 50.423
800 84.046
801 55.864
802 79.087
803 74.900
804 69.775
805 82.059
806 60.952
807 84.416
808 82.850
809 86.875
810 83.765
811 64.654
812 67.125
813 70.847
814 69.423
815 55.291
816 89.120
817 59.327
818 83.232
819 65.123
820 67.804
821 87.056
822 88.967
823 85.594
824 70.189
825 82.274
826 78.975
827 68.653
828 75.948
829 73.491
830 65.433
831 74.857
832 63.985
833 61.122
834 63.551
835 82.322
836 87.215
837 80.188
838 55.418
839 74.725
840 83.915
841 56.572
842 67.364
843 50.844
844 74.397
845 86.256
846 83.660
847 56.114
848 50.063
849 64.980
850 61.812
851 57.118
852 83.867
853 53.311
854 65.432
855 57.704
856 84.723
857 75.601
858 52.538
859 64.402
860 61.229
861 89.680
862 66.886
863 60.035
864 61.413
865 72.059
866 71.337
867 54.237
868 60.628
869 71.183
870 67.964
871 57.740
872 57.486
873 69.893
874 79.670
875 68.059
876 82.907
877 77.865
878 51.940
879 62.960
880 63.305
881 70.632
882 59.113
883 53.651
884 59.731
885 84.896
886 71.711
887 66.061
888 70.591
889 77.227
890 60.689
891 62.329
892 70.381
893 75.083
894 53.279
895 87.792
896 63.071
897 51.733
898 64.485
899 55.707
900 52.896
901 86.155
902 66.244
903 68.163
904 74.243
905 58.038
906 65.740
907 69.159
908 89.915
909 62.285
910 87.889
911 56.722
912 63.448
913 71.279
914 78.219
915 79.868
916 77.281
917 87.008
918 89.640
919 85.077
920 64.732
921 86.848
922 79.755
923 63.935
924 52.623
925 56.373
926 78.850
927 51.356
928 85.726
929 58.890
930 71.959
931 66.935
932 77.843
933 85.786
934 64.372
935 79.876
936 52.632
937 53.086
938 69.428
939 50.534
940 69.200
941 59.567
942 80.639
943 73.276
944 87.697
945 59.642
946 55.819
947 82.755
948 79.853
949 77.267
950 50.306
951 69.207
952 56.367
953 60.066
954 66.656
955 65.574
956 75.271
957 65.199
958 52.844
959 82.579
960 82.484
961 52.309
962 63.531
